-1.2995100272
-0.745521870664
0.428051452451
-1.02231699478
-0.686553271098
-0.928170107902
-1.36536471336
1.35511864302
-0.733192393343
-0.703882780667
2.78854305301
-1.37431901981
-0.780707001233
-0.886245516753
-1.20528387308
-1.20215372818
-0.721545500599
-0.556688367188
0.367413938687
-0.70450489806
-0.508815441335
-0.220366132331
-0.493893311581
-0.321715853934
-0.295127320063
-0.643670353716
-0.780678715409
-0.516866403318
-0.938721856331
0.388707473508
-1.57114737352
0.221969084606
-0.421451080688
-0.087588574109
1.96752281806
-0.165643661439
-0.585012537707
-0.814145249367
-0.0793672417204
-1.0513878345
-0.345706724379
0.488066434466
-0.205403679645
-0.13195170502
-0.711981216178
-0.184429277905
-0.717809608651
2.8307675334
-1.02196471416
-0.97622266071
-0.179476898805
-1.43069696658
-1.022835968
-0.36150740675
-0.0695852903374
-1.09688786169
0.772417459717
-0.218049211444
1.21801272533
-0.5568909104
-0.696356329677
0.890612525605
-1.27004358516
-0.729349251994
-0.56291258414
0.262726949604
-0.0488821766113
-0.388290624574
0.400252793486
-0.886721776183
1.03928519013
-0.655326216822
-0.311865181996
-1.08250293019
-1.34375714016
-1.45721940568
-0.611799499305
-0.157693075687
-0.982863812185
-0.87806959643
0.985572612715
-0.780710139698
0.0784212767968
-0.499572872425
-1.20381791724
0.583831201059
1.14055701009
-0.571110840186
-1.4460601275
-0.787582510936
-1.42991634094
-1.20161291002
0.0179231861197
-0.302436342098
-0.155019204355
-0.623367182882
0.138793205243
1.62423989808
0.580858557398
-0.95628444753
4.11723088834
-1.08602517894
0.397650217767
-0.526506870346
-1.07991379118
-0.673531736673
1.54174776972
1.71846397004
-0.877967454343
0.0816774891709
-0.442324627149
0.179420977106
0.231163465636
-0.863610086878
-0.384168409233
2.05185288441
-1.06899731693
-0.505617157775
-0.650379473912
-0.862457277368
1.02594379083
0.853301705592
-0.471087393009
-0.585307988799
-0.363532043549
-0.769293917265
2.25605129174
-1.23098654441
1.67741283422
-0.506099226103
0.0774061134795
3.09664984078
-0.918003305053
0.707618174172
-0.679735025935
0.851904578729
-1.30438030524
-0.544726042728
-1.10850859429
-0.218392353863
0.632912006934
0.14879750054
-1.27226875015
-0.688164145693
-1.3914039694
0.0241945931556
-0.588389935142
0.288653997789
-1.11500725237
-0.793087542211
0.0139520838152
-0.534375281955
-0.478912116925
-1.15075083783
-0.968482067978
0.941395386524
-0.336179952959
-1.41971048995
1.26758160761
0.311023393855
1.47820176103
-1.18948324875
-0.639891843355
0.476726393381
-1.16485858075
3.95686048291
-1.12100834339
-1.30802937255
-0.625464295462
-1.24447468425
0.780297485764
-0.372434662952
-0.339981533693
-0.932239467486
0.141011287823
-1.03977616603
-0.728938309111
-0.462472375409
-1.22524900572
-0.989393413231
-0.986472858877
2.84952165894
0.785908693949
-0.712386190635
-1.65671932958
-0.210265090523
-0.381755447464
-0.450047899128
-0.913207660211
-0.723817401847
-0.452668501415
-1.23977683771
-1.22023899094
0.470548143453
-1.46943380701
-0.475299065146
4.16949986012
0.61155831563
-0.53157904954
0.586610014177
-0.290381058791
0.0790980114542
-1.27871588135
1.49998545447
2.41841574543
-1.81969332501
-1.23140806858
-1.11785786237
0.220777418543
1.21492839809
1.02258189861
0.623795999782
-0.650033650151
0.431579885486
0.0450109270533
0.145918236611
1.24397660395
0.903032847891
-0.683957233122
-0.804346775189
-1.20571921268
-0.970639674994
5.8459339427
-1.24137851905
-1.21069057566
-0.00903805270512
0.197849962781
0.0718977357895
-0.377796326162
-0.63991235328
-0.273178161669
-0.136150173512
0.297355085896
3.84599425933
-0.107373757221
-0.260742894092
-0.690356747074
0.384834833069
-1.04917034211
3.38824664718
-0.687183399869
-1.01167230986
-0.918454215556
-0.123666989881
-0.715693841819
-0.362424789291
0.684903285
1.14393016555
-0.654304252995
0.0507438499367
-1.35133122596
-0.785662655894
1.11868409535
-0.948507769186
1.62486088865
-0.35443620892
-0.131050458501
-0.200459746976
-1.06699920843
-0.215104360999
-1.12402345454
-0.182713606209
-0.751990798157
0.820668172233
-0.419604921341
0.165220899779
-0.728554460104
-0.66737013899
0.634847770633
-0.915069510346
0.0133946659702
-1.23121363611
0.210546828137
-0.955314965291
-1.01602743897
0.929039318498
-1.15446247804
-0.428598116157
0.472797000591
0.314521787886
-0.520717656248
-0.714670458738
-1.0848499715
0.268190771984
-0.739155601082
0.269726850756
0.404920999026
-0.774479998001
-0.682937171956
2.46532002902
-0.179700455655
0.500123516471
-0.425050670429
0.924242213271
0.014949719518
-1.55456788667
-1.32069222935
-0.934228978557
-0.869190325602
-0.217870266951
-1.21839067656
0.507610341331
3.44224690955
3.79429227812
0.767149463695
-0.61472911969
1.5500809852
-0.642407215571
-1.00892902345
-0.705542511603
1.04834958012
0.335795171947
-0.197859827205
-0.822445479088
-0.511317721632
-0.694133020215
-0.511060656826
-0.515346346936
1.68424034925
0.698014412465
-0.718902082949
-0.154452955435
-0.594346199811
0.493586791722
0.0029355792824
-0.405170734527
0.80653237918
-0.494031367017
-0.768743826597
-1.1668001769
-0.932452339484
-0.493057108815
0.0330583771912
1.11112740836
-0.961752584473
-0.220274505003
-0.665366757056
0.282511417668
-1.56628980148
-0.163485559528
-1.03742886073
-0.676492302342
0.848758633129
-0.568544673572
-0.698221957884
-0.800550854031
-0.877568597133
1.64275670746
0.21803840638
-0.593209792396
-0.0475179558169
-1.02667143303
1.98982622811
0.571230810849
-0.359873276961
5.72639863688
0.402093675037
-0.979567548931
0.246796984902
2.09333247076
-0.47798162676
1.70989680004
1.3900959455
-0.443522543299
-0.697259882097
-0.853955679308
0.128266329645
-0.820707198794
-2.22157473248
0.00769745409271
-0.382401380464
0.791356855002
-1.37863557417
0.219775050782
-0.305333190563
-1.08367815333
-0.109304757381
1.69290363411
-0.534135300366
-0.112274944254
-0.730297341422
2.52720826255
-0.863014505682
-0.740444228802
-0.913291451102
2.16489851851
-1.11407234665
2.72105054021
5.88797909218
-0.906614025768
2.11011113092
-0.216785331669
0.32908278427
1.13067675902
4.69144658906
-1.38912507539
-0.456629282411
1.92046517652
-0.670155234582
-0.843834192275
2.29481331996
-1.16889599453
0.69639613649
0.688623766535
-0.85699944057
1.30280921502
-0.232601683884
-0.899005260377
-0.177378870053
-0.490099956189
-0.139578966251
-1.29869203492
0.277057461058
-1.01826598119
2.90710880016
-1.70691135337
0.601765564209
0.737168851269
-1.01431728659
-0.0130083352533
-0.312268031979
1.12626819183
-0.789096800105
-0.625037187401
-1.18869547848
-1.13130156559
-0.156622900316
-0.600657733475
0.204379433946
-0.676009033908
-0.989922888951
-0.826573740148
-0.504033274984
-0.712741496024
-0.0875739878909
0.0373487393643
1.13585564228
0.219861789873
2.11120778393
0.0459138313869
0.150137299415
1.00676631148
-0.543415957334
0.476952434441
0.645726925737
-0.740720782152
0.171052851072
1.54289368231
3.3423503801
-1.25315632735
0.424150365796
-1.31844141302
-1.36683222756
-0.848620807931
1.48444502663
2.21877364611
-0.599659037587
6.8768038253
-1.3323544609
4.40546139917
1.78869141455
0.253044741149
-0.754302511748
-1.02568356967
0.659084361407
-1.29974003481
1.27419241911
-0.48091009707
1.00808140886
0.561452234205
-0.715468009845
-0.572878861477
-0.494001311387
0.046057277594
0.830525456865
-1.07520002511
-0.567269051769
-1.18870655829
-0.237019116835
0.192179001808
-0.198866610227
-0.524522168564
-0.979812525323
-0.979777514583
1.60534444165
0.924934669908
1.08125795743
-1.07716714122
1.56474252096
5.40925932857
-0.502436792196
-1.1540246303
-0.970499104717
-0.604400041827
1.8335745952
0.658166791029
-0.57002264227
-0.745931867964
-0.714360709076
1.2641187592
-0.99313251671
2.12473656914
0.633880250121
-0.266745978986
-0.0390643169577
1.64984687606
-0.588395257398
0.456881123244
-0.62092978525
0.93810227723
-0.679214148036
0.596809942315
4.4878784969
-0.413300478109
2.0197894881
2.03775398727
-1.32797421344
0.405666500709
-0.531430304977
-0.441580052614
0.97324233211
0.888828794933
0.179299770366
-1.30688046734
1.63713167436
-0.496580882681
1.39007900098
-1.03506422969
4.16199566587
-1.09895553981
0.0694276137054
-0.104154408005
-0.930695589923
0.789510493686
-1.13446563257
-1.01161897636
-0.436941959976
2.19139232421
0.677847749088
0.158860865966
1.74634206798
-0.0808158034384
-1.20138195656
-0.794029541692
1.3894147018
0.311591150581
-0.457117373592
1.01267367594
-0.702376623202
-0.52455471315
-0.457690613958
-0.475302454525
-0.530735266913
1.15745749583
1.61673198927
1.16961724632
0.0610699527581
-0.346807242105
-1.13001064472
2.2670924937
-0.744129733596
1.00823018762
-0.774177096503
0.973356484615
3.72271805449
1.88006421834
-1.06854480135
-1.33716592057
1.04310519702
-0.794792469939
-0.685819864583
2.62630790024
-0.43570103493
2.34918873099
-0.0561047033723
-0.113927367647
-0.803431704389
0.55549275033
0.453302755375
0.431360242202
1.67410971677
-0.732258292737
-0.712157920118
-0.335853654012
0.0526508018364
-1.07151850201
-0.140116599091
-1.29418747504
-1.41128247924
-0.807908782346
1.82557891826
0.455705500086
-0.260022081828
-1.18864969962
-1.29601187355
-0.655225341112
-0.93034521737
-0.460954431817
2.94839336719
-0.607688492419
0.697398488751
-1.00714928953
-0.815803340283
-1.92291810682
3.18821515098
-1.15257064159
-1.44286114122
-0.563391178164
-0.389178311878
1.33165260634
-0.0750981275285
-0.709350269169
-0.842284329832
-0.0427053338047
-0.815447489657
-0.396826223203
0.999960535642
2.01814334955
-0.732504845426
-0.0824322811253
-0.175372849074
-1.14672482785
-0.618880615089
-1.27879882475
-0.650472354092
2.12599567712
0.526428307482
-0.448659899719
-0.62891920834
3.70112757144
-0.593609467197
0.553065222424
-0.541747592865
-1.2989445753
0.669654747368
0.677561249832
0.101446817025
-0.65106896217
0.248673999579
2.32496426238
-0.900340307274
-0.319082304128
-0.725206763426
-0.460055404217
0.651877369991
0.351398861258
-1.03542704018
-1.36828999905
-0.8833840431
0.248047939588
0.736331887675
-0.786594546166
-0.62237726083
-1.18537396093
2.95688051143
-0.934040584707
-0.510867905962
0.0802361573948
-0.838331808771
-0.510350532398
0.0932887851147
2.04927493459
0.932304713477
-0.924705815968
-0.766041739425
-1.00798416171
-1.04938816112
2.39451700418
-0.17073539761
-0.81600599061
1.95634174364
-0.715859899076
-1.14824517093
1.35259205164
0.526277979979
-0.729833438699
-0.258523039183
-0.761547655351
-0.805315660101
2.10880975992
-1.1096465556
-0.944532902812
1.13528805598
-0.0085616780096
0.300183645973
-0.949673245383
-1.0131042851
0.0471086988377
-0.797607420943
-0.598891483768
0.33987618612
1.1014764032
-0.753442375524
-0.923768232479
-0.977295256434
0.0900382695234
-1.39319264087
0.620876488953
-0.864097554633
-0.283836345028
-0.497508492095
-0.988029126099
-0.798393158733
1.73153144714
-0.903919816824
0.125653701448
-0.87981328516
0.349399892105
1.48854217157
-0.812758478475
-1.09198190985
0.045895245185
-1.31135056065
0.330297711005
2.43730938784
-0.62226430257
-0.726468632534
-0.31963100998
-0.884108306126
-0.62290901956
-1.09448810758
-0.356261679575
1.18954750011
-0.553178969317
4.94299465533
-1.09415066475
0.830085605607
0.780430132941
4.02602054572
-1.05512244649
-1.02605393605
-1.09008877038
-0.707657408264
-1.0228634486
-0.848148060009
0.100355370402
-0.0167516162436
-1.49999006651
-0.140131247187
-0.932643264156
2.30820342321
-0.544972826447
2.3759249726
-0.776325842477
2.56868998583
1.83037406784
2.16371329016
-0.606149945872
-0.981086873616
-1.12286350193
-1.40036723434
-0.258733256278
1.77351971652
1.19902033062
-0.749293160515
0.0988627826188
-0.97117105108
-1.03676230323
-1.48855657088
-0.92399766366
2.26378917252
0.784752220443
0.41369433266
0.102376362136
-0.516571508817
-0.805844516784
-0.0587741611599
-0.197061605608
-0.824764548106
3.59504360834
-0.0746313520886
0.279397937787
-0.231358885093
0.0850860351738
-0.640956447563
1.14776151242
1.35510229077
0.716765071801
-1.10543464721
-0.900592802839
-0.959341895196
2.71805849438
-0.252292191647
-1.31444637992
-1.06805501215
-0.250385785447
0.57226056798
-0.964728048337
-0.861992280151
-0.675352247468
0.496529141683
3.99985296314
-0.583779860133
-1.00384306572
-0.578928584266
1.6279069971
-1.01324342328
0.283737685803
-1.32037043555
-0.867685743694
1.92476963468
-0.619000781507
-1.24658483102
-0.811121217521
-0.996326622898
-1.37784065445
-1.01938090421
-0.620939637854
-0.913769020279
-1.17253887314
0.0959505376064
-0.026344945567
-0.725211243434
0.872090058495
0.887355284522
2.64972397284
-0.220447617377
-1.56966552768
-0.718888190324
0.168222739991
-0.830035436364
-0.108381036013
1.43556787263
-1.2636346988
0.745442325758
1.01494114231
-1.31770183921
-0.135475415506
0.36311877608
3.59306906263
-1.61124200034
-0.575827330819
1.77566878033
-1.19570527262
1.40746158815
-0.0577092041454
-0.861458955258
-0.672886444763
-0.0234384567324
0.748942141168
-1.32715239816
-0.566564618305
-0.00188701622758
-0.218043402944
-1.21101421444
-0.775532764766
0.423109577382
2.77059081758
-0.631710587404
-0.118617791207
-0.081961269285
-0.836935618007
2.29066352971
-0.721063229461
-0.923569175857
-1.19885250063
-0.761874028282
-1.38345172089
2.04941469211
4.45689847352
0.0721398821608
-0.93460160248
-0.94725775731
-0.570078713989
3.57870115166
2.01788226472
-0.400013026336
-0.249194070857
2.35190845269
-1.04466841683
-0.751096938883
-0.0629289641631
-0.0298342517949
-0.800809916666
0.616677104757
-1.08913946181
-0.00746416572176
0.205460026321
-0.140355157198
-1.16606055947
0.900771252165
0.436570814356
-0.472362866485
-0.0822954510492
1.60592630969
-1.21824576385
-0.0325138049029
-0.319073916971
-0.928850572447
1.73047663676
0.275707773749
1.75389140417
-0.664886996865
-1.07327937901
-0.0179015727297
0.45945955013
0.17112615745
-0.0793379274216
3.5338531726
-0.831824701787
-0.0945349603364
-0.28860009615
-0.729454796587
-1.4495198105
-0.742117616113
1.2981762705
-0.814627733236
2.62088375147
-1.39837674524
0.598417287301
-1.20833516134
-1.15586854635
-1.38243052665
-0.969785810082
0.0993989306493
-0.639575004599
-0.995067060873
0.874260583985
-1.88340608197
0.0205153081075
0.8235761918
-0.598196927314
0.501846254328
0.578428224626
-0.0829450005977
-0.0454406591315
-0.767314358354
1.49003808314
-0.570597201437
1.0807914581
-1.01559392327
-1.55072793648
2.38506335184
1.31385031429
-0.0620877217265
-0.340070293878
-1.53687560653
0.143472093364
-0.929078706204
-0.208021020134
-1.43907191968
-0.592393526344
-0.950908821192
-1.07819405541
2.68339441464
-1.02563285345
0.814532564462
-1.43944099863
-1.09641053924
0.696906252911
-0.978591805348
0.618201451907
-0.860364606008
-0.462381806174
-0.368434941898
0.343858526056
-0.0310821619227
-0.812571526983
-1.17602101608
0.995145683052
1.7055053623
-1.42524645176
-0.771925194907
-0.671808248877
0.460924681633
-0.188581951455
0.686664890817
-0.609084988921
-0.6783398027
1.84889399163
-0.542377548515
-0.645305393847
-0.933665648567
0.721763677187
4.80173387397
1.28980198484
-0.658778074542
4.36064063954
0.396085031005
-0.725537253499
0.913585744788
0.441328890378
-1.15774833659
0.272023017072
0.59975348066
1.81172319884
-1.17181845267
1.45751670463
-1.06109890868
2.86721313358
-0.212221544266
0.661773459883
0.0544624576145
-0.755574257037
-0.0375783895228
3.82820518665
-0.911033354825
-0.217250200231
2.50215454959
0.204200809363
